  Sent.                        Matched  Bracket   Cross        Correct Tag
 ID  Len.  Stat. Recal  Prec.  Bracket gold test Bracket Words  Tags Accracy
============================================================================
   1   37    0   86.21  80.65    25     29   31      3     37    36    97.30
   2   45    0   60.00  54.55    18     30   33      9     45    42    93.33
   3   20    0   41.18  46.67     7     17   15      6     20    20   100.00
   4   37    0   64.71  55.00    11     17   20      3     37    34    91.89
   5   23    0   78.95  83.33    15     19   18      2     23    23   100.00
   6   22    0   88.24  93.75    15     17   16      0     22    22   100.00
   7   17    0   85.71  80.00    12     14   15      1     17    16    94.12
   8   28    0   79.17  67.86    19     24   28      7     28    27    96.43
   9   34    0   86.67  86.67    26     30   30      2     34    34   100.00
  10   23    0   76.19  69.57    16     21   23      3     23    23   100.00
  11   30    0   75.00  66.67    18     24   27      5     30    29    96.67
  12   29    0   88.00  81.48    22     25   27      2     29    28    96.55
  13   23    0   83.33  83.33    20     24   24      3     23    22    95.65
  14   13    0  100.00 100.00     9      9    9      0     13    12    92.31
  15   20    0   70.59  80.00    12     17   15      2     20    19    95.00
  16   42    0   65.71  62.16    23     35   37     11     42    40    95.24
  17   44    0   67.74  63.64    21     31   33      4     44    37    84.09
  18   27    0   64.00  69.57    16     25   23      6     27    23    85.19
  19   26    0   54.17  50.00    13     24   26     12     26    23    88.46
  20   15    0   63.64  70.00     7     11   10      2     15    12    80.00
  21    9    0   70.00  58.33     7     10   12      0      9     8    88.89
  22   42    0   46.88  40.54    15     32   37     16     42    37    88.10
  23   22    0   78.26  78.26    18     23   23      5     22    21    95.45
  24   17    0   58.33  53.85     7     12   13      0     17    16    94.12
  25   10    0   87.50  77.78     7      8    9      0     10     9    90.00
  26   22    0   68.75  73.33    11     16   15      3     22    20    90.91
  27   17    0   81.82  64.29     9     11   14      1     17    15    88.24
  28   14    0   88.89  88.89     8      9    9      0     14    14   100.00
  29   21    0   90.00  90.00    18     20   20      1     21    16    76.19
  30   18    0   72.73  80.00     8     11   10      0     18    18   100.00
  31   26    0   94.44  89.47    17     18   19      0     26    24    92.31
  32    8    0  100.00 100.00     6      6    6      0      8     8   100.00
  33   17    0   85.71  85.71    12     14   14      1     17    16    94.12
  34   27    0   82.35  70.00    14     17   20      2     27    27   100.00
  35   21    0   78.57  73.33    11     14   15      3     21    20    95.24
  36   32    0   76.67  76.67    23     30   30      4     32    29    90.62
  37   21    0   75.00  78.95    15     20   19      2     21    21   100.00
  38    9    0  100.00 100.00     8      8    8      0      9     9   100.00
  39   12    0   61.54  57.14     8     13   14      4     12     8    66.67
  40   11    0   91.67  91.67    11     12   12      0     11    10    90.91
  41   24    0   57.14  52.17    12     21   23      4     24    24   100.00
  42   40    0   90.62  85.29    29     32   34      1     40    37    92.50
  43   13    0   90.91  90.91    10     11   11      0     13    13   100.00
  44   14    0   92.86  86.67    13     14   15      1     14    13    92.86
  45   40    0   55.88  57.58    19     34   33     12     40    38    95.00
  46   20    0   94.74  90.00    18     19   20      0     20    14    70.00
  47   32    0   73.68  77.78    14     19   18      0     32    27    84.38
  48   29    0   68.00  68.00    17     25   25      4     29    27    93.10
  49   19    0   64.71  55.00    11     17   20      5     19    17    89.47
  50   13    0   81.82  75.00     9     11   12      1     13    12    92.31
  51   11    0  100.00  90.00     9      9   10      0     11    10    90.91
  52   21    0   66.67  63.64    14     21   22      6     21    20    95.24
  53   41    0   48.78  46.51    20     41   43     15     41    35    85.37
  54   18    0   85.71  85.71    12     14   14      0     18    17    94.44
  55   11    0   62.50  50.00     5      8   10      1     11    10    90.91
  56   23    0   52.94  45.00     9     17   20      5     23    22    95.65
  57   23    0   64.29  50.00     9     14   18      1     23    20    86.96
  58   33    0   60.00  63.64    21     35   33      9     33    32    96.97
  59   28    0   47.37  42.86     9     19   21      9     28    22    78.57
  60   22    0   68.42  76.47    13     19   17      3     22    22   100.00
  61   14    0   76.92  66.67    10     13   15      3     14    12    85.71
  62   27    0   91.67  95.65    22     24   23      0     27    26    96.30
  63   24    0   80.00  69.57    16     20   23      3     24    23    95.83
  64   15    0   57.14  50.00     8     14   16      4     15    15   100.00
  65   24    0   90.48  95.00    19     21   20      0     24    23    95.83
  66   17    0   87.50  77.78    14     16   18      1     17    17   100.00
  67    4    0  100.00 100.00     2      2    2      0      4     4   100.00
  68    3    0   50.00  50.00     1      2    2      0      3     3   100.00
  69   31    0   76.19  72.73    16     21   22      2     31    30    96.77
  70    5    0   80.00  80.00     4      5    5      0      5     5   100.00
  71   20    0  100.00  83.33    15     15   18      0     20    19    95.00
  72   18    0  100.00  91.67    11     11   12      0     18    17    94.44
  73   31    0   78.95  71.43    15     19   21      0     31    30    96.77
  74   12    0   80.00 100.00     8     10    8      0     12    12   100.00
  75    3    0  100.00 100.00     2      2    2      0      3     1    33.33
  76   31    0   17.39  19.05     4     23   21     15     31    24    77.42
  77   27    0   94.44  80.95    17     18   21      0     27    23    85.19
  78   19    0   88.24  88.24    15     17   17      2     19    18    94.74
  79   13    0   81.25  86.67    13     16   15      0     13    13   100.00
  80   57    0   63.46  58.93    33     52   56     14     57    43    75.44
  81   36    0   90.48  82.61    19     21   23      1     36    34    94.44
  82   54    0   38.10  39.02    16     42   41     19     54    49    90.74
  83   19    0   47.62  45.45    10     21   22      8     19    14    73.68
  84   33    0   95.65 100.00    22     23   22      0     33    32    96.97
  85   32    0   60.71  62.96    17     28   27      9     32    28    87.50
  86   27    0   61.90  72.22    13     21   18      3     27    23    85.19
  87   22    0   94.12  94.12    16     17   17      0     22    20    90.91
  88   31    0   84.00  87.50    21     25   24      2     31    26    83.87
  89   37    0   64.29  64.29    18     28   28      5     37    31    83.78
  90   36    0   40.00  38.46    10     25   26      8     36    34    94.44
  91   23    0   88.89  88.89    16     18   18      2     23    18    78.26
  92   53    0   46.34  46.34    19     41   41     16     53    45    84.91
  93   31    0   55.17  59.26    16     29   27      7     31    27    87.10
  94   23    0   65.00  68.42    13     20   19      3     23    18    78.26
  95   29    0   57.14  53.33    16     28   30     12     29    24    82.76
  96   28    0   72.73  72.73    16     22   22      3     28    25    89.29
  97   30    0   35.48  34.38    11     31   32     15     30    22    73.33
  98   10    0   22.22  18.18     2      9   11      1     10     7    70.00
  99   52    0   47.92  50.00    23     48   46     18     52    41    78.85
 100   42    0   82.35  82.35    28     34   34      0     42    35    83.33
 101   17    0   75.00  60.00     9     12   15      1     17    17   100.00
 102   15    0   46.15  46.15     6     13   13      3     15    15   100.00
 103    5    0   83.33  71.43     5      6    7      0      5     4    80.00
 104   33    0   57.69  55.56    15     26   27     10     33    28    84.85
 105   11    0  100.00  87.50     7      7    8      0     11     8    72.73
 106   36    0   25.00  29.03     9     36   31     14     36    28    77.78
 107   54    0   48.65  40.91    18     37   44     13     54    47    87.04
 108   15    0   75.00  75.00    12     16   16      2     15    15   100.00
 109   33    0   86.36  82.61    19     22   23      2     33    28    84.85
 110   32    0   44.44  38.10     8     18   21      8     32    24    75.00
 111   40    0   72.50  76.32    29     40   38      3     40    37    92.50
 112    8    0   33.33  50.00     2      6    4      0      8     6    75.00
 113   22    0   87.50  82.35    14     16   17      1     22    20    90.91
 114   44    0   43.24  48.48    16     37   33     14     44    39    88.64
 115   18    0   93.33  87.50    14     15   16      0     18    14    77.78
 116   22    0   66.67  57.14     8     12   14      3     22    21    95.45
 117   22    0   44.44  47.06     8     18   17      7     22    19    86.36
 118   13    0  100.00 100.00     8      8    8      0     13    12    92.31
 119   26    0   71.43  51.72    15     21   29      7     26    23    88.46
 120   21    0   64.29  64.29     9     14   14      3     21    18    85.71
 121   26    0   62.50  55.56    15     24   27      9     26    26   100.00
 122   19    0   85.71  75.00    12     14   16      1     19    17    89.47
 123   19    0  100.00 100.00    21     21   21      0     19    19   100.00
 124    5    0   50.00  60.00     3      6    5      0      5     4    80.00
 125   24    0   94.74  85.71    18     19   21      0     24    24   100.00
 126   21    0   90.00  94.74    18     20   19      0     21    21   100.00
 127   27    0   83.33  78.95    15     18   19      2     27    27   100.00
 128   11    0   90.91  83.33    10     11   12      0     11    11   100.00
 129   13    0  100.00 100.00    11     11   11      0     13    13   100.00
 130   44    0   84.38  79.41    27     32   34      1     44    43    97.73
 131   20    0   81.25  72.22    13     16   18      1     20    19    95.00
 132   20    0  100.00 100.00    15     15   15      0     20    20   100.00
 133   30    0   60.87  58.33    14     23   24      9     30    29    96.67
 134   58    0   74.42  72.73    32     43   44      5     58    58   100.00
 135   21    0   85.71  80.00    12     14   15      0     21    21   100.00
 136   27    0  100.00  95.24    20     20   21      0     27    27   100.00
 137   21    0   94.44  85.00    17     18   20      1     21    21   100.00
 138   13    0  100.00 100.00    11     11   11      0     13    13   100.00
 139   25    0  100.00  95.00    19     19   20      0     25    25   100.00
 140   34    0   85.71  81.82    18     21   22      2     34    34   100.00
 141   13    0  100.00 100.00    11     11   11      0     13    13   100.00
 142   20    0   84.62  84.62    11     13   13      1     20    19    95.00
 143   39    0   53.33  57.14    16     30   28      8     39    30    76.92
 144   30    0   60.00  55.56    15     25   27      5     30    29    96.67
 145   35    0   64.29  64.29    18     28   28      6     35    32    91.43
 146   25    0   70.00  70.00    14     20   20      4     25    22    88.00
 147    9    0   42.86  50.00     3      7    6      0      9     8    88.89
 148    8    0   57.14  66.67     4      7    6      1      8     7    87.50
 149   30    0   75.00  80.00    12     16   15      2     30    28    93.33
 150   30    0   81.82  81.82    18     22   22      0     30    28    93.33
 151   15    0   83.33  76.92    10     12   13      0     15    13    86.67
 152   16    0   64.29 100.00     9     14    9      0     16    15    93.75
 153   19    0   89.47  89.47    17     19   19      1     19    18    94.74
 154   20    0   82.35  73.68    14     17   19      2     20    19    95.00
 155   10    0  100.00 100.00     8      8    8      0     10     8    80.00
 156   20    0  100.00  92.86    13     13   14      0     20    14    70.00
 157   14    0   81.82  81.82     9     11   11      1     14    14   100.00
 158   19    0   64.29  60.00     9     14   15      3     19    18    94.74
 159   29    0   65.38  62.96    17     26   27      5     29    29   100.00
 160   19    0   70.59  60.00    12     17   20      2     19    18    94.74
 161    8    0  100.00 100.00     7      7    7      0      8     8   100.00
 162   24    0   93.75  93.75    15     16   16      0     24    24   100.00
 163   39    0   69.57  72.73    16     23   22      6     39    35    89.74
 164   15    0   61.54  66.67     8     13   12      3     15    15   100.00
 165   28    0   76.47  76.47    13     17   17      3     28    26    92.86
 166   31    0   78.26  81.82    18     23   22      3     31    30    96.77
 167   21    0  100.00 100.00    17     17   17      0     21    21   100.00
 168   28    0   90.91  76.92    20     22   26      0     28    26    92.86
 169   11    0  100.00 100.00     9      9    9      0     11    11   100.00
 170   23    0   75.00  85.71    18     24   21      2     23    22    95.65
 171   27    0   70.59  75.00    12     17   16      1     27    26    96.30
 172   16    0   90.91 100.00    10     11   10      0     16    15    93.75
 173   23    0   94.44  94.44    17     18   18      0     23    23   100.00
 174   25    0   66.67  70.59    12     18   17      1     25    24    96.00
 175   20    0   80.00  75.00    12     15   16      1     20    18    90.00
 176   22    0   52.94  47.37     9     17   19      8     22    18    81.82
 177   26    0   64.71  57.89    11     17   19      7     26    23    88.46
 178   23    0   81.25  68.42    13     16   19      3     23    21    91.30
 179   23    0   95.83 100.00    23     24   23      0     23    21    91.30
 180    7    0  100.00 100.00     5      5    5      0      7     7   100.00
 181   10    0  100.00  88.89     8      8    9      0     10     9    90.00
 182   49    0   69.44  67.57    25     36   37      9     49    49   100.00
 183   29    0   25.00  38.46     5     20   13      1     29    29   100.00
 184   11    0   77.78  70.00     7      9   10      2     11    11   100.00
 185    4    0   80.00  80.00     4      5    5      0      4     3    75.00
 186   11    0  100.00 100.00     8      8    8      0     11    11   100.00
 187   27    0   55.00  55.00    11     20   20      8     27    26    96.30
 188   21    0   70.00  63.64     7     10   11      2     21    16    76.19
 189   14    0   64.29  75.00     9     14   12      2     14    13    92.86
 190   16    0   81.82  81.82     9     11   11      0     16    13    81.25
 191   38    0   72.41  70.00    21     29   30      5     38    35    92.11
 192   19    0   30.77  22.22     4     13   18      5     19    18    94.74
 193    9    0   83.33  71.43     5      6    7      0      9     8    88.89
 194   28    0   66.67  60.00    12     18   20      1     28    25    89.29
 195   39    0   80.00  80.00    20     25   25      4     39    37    94.87
 196    9    0   80.00  88.89     8     10    9      0      9     9   100.00
 197   26    0  100.00  95.00    19     19   20      0     26    21    80.77
 198   16    0   50.00  40.00     6     12   15      2     16    14    87.50
 199   12    0  100.00 100.00     8      8    8      0     12    12   100.00
 200   29    0   55.56  58.82    10     18   17      3     29    24    82.76
============================================================================
                 71.67  69.66   2661  3713  3820    623   4691  4285    91.35
=== Summary ===

-- All --
Number of sentence        =    200
Number of Error sentence  =      0
Number of Skip  sentence  =      0
Number of Valid sentence  =    200
Bracketing Recall         =  71.67
Bracketing Precision      =  69.66
Bracketing FMeasure       =  70.65
Complete match            =   9.00
Average crossing          =   3.12
No crossing               =  35.50
2 or less crossing        =  60.50
Tagging accuracy          =  91.35

-- len<=40 --
Number of sentence        =    185
Number of Error sentence  =      0
Number of Skip  sentence  =      0
Number of Valid sentence  =    185
Bracketing Recall         =  74.06
Bracketing Precision      =  72.11
Bracketing FMeasure       =  73.07
Complete match            =   9.73
Average crossing          =   2.48
No crossing               =  37.84
2 or less crossing        =  64.32
Tagging accuracy          =  91.81
